476999.53 4366488.93 2734.11
477000.11 4366490.29 2733.97
477009.23 4366490.89 2734.01
477010.88 4366492.03 2734.04
477011.95 4366492.70 2734.03
477011.33 4366492.41 2734.01
477012.26 4366494.10 2734.01
477014.56 4366494.76 2734.02
477015.49 4366495.37 2734.03
477016.93 4366497.12 2734.03
477023.63 4366503.35 2734.01
476986.15 4366626.87 2734.12
476985.52 4366630.14 2734.26
476984.23 4366631.75 2734.04
476984.02 4366632.91 2734.08
476983.46 4366633.51 2734.01
476982.41 4366636.14 2734.03
476982.89 4366636.53 2734.09
476979.38 4366641.37 2734.05
476986.21 4366658.11 2733.99
476986.16 4366662.86 2734.01
476997.53 4366660.83 2734.03
476999.58 4366661.84 2734.12
477000.30 4366662.24 2734.09
477002.32 4366662.73 2734.10
476987.31 4366665.92 2734.06
477003.55 4366663.02 2734.18
477005.80 4366664.09 2734.11
477016.25 4366666.08 2734.12
477018.38 4366666.19 2734.19
477023.43 4366667.05 2734.13
477028.25 4366667.63 2734.15
477029.86 4366667.34 2734.26
477033.66 4366667.79 2734.09
477036.93 4366667.92 2734.05
477046.21 4366667.68 2734.07
476942.44 4366470.99 2738.19
476945.32 4366470.32 2738.05
476944.25 4366470.76 2738.12
476943.18 4366471.21 2738.20
476949.73 4366469.53 2737.70
476947.58 4366470.43 2737.91
476946.51 4366470.88 2738.04
476945.44 4366471.32 2738.09
476944.37 4366471.76 2738.10
476951.29 4366469.68 2737.70
476950.21 4366470.13 2737.71
476949.15 4366470.58 2737.82
476948.07 4366471.04 2738.07
476947.00 4366471.48 2738.13
476945.93 4366471.92 2738.07
476944.86 4366472.36 2738.16
476943.80 4366472.81 2738.15
476942.73 4366473.25 2738.17
476941.66 4366473.69 2738.23
476951.92 4366470.52 2737.75
476950.85 4366470.96 2737.71
476949.77 4366471.42 2737.86
476948.70 4366471.86 2737.99
476947.64 4366472.30 2737.99
476945.49 4366473.20 2738.23
476952.40 4366471.04 2737.68
476950.26 4366471.92 2737.78
476942.77 4366475.04 2738.16
476941.71 4366475.48 2738.15
476957.58 4366469.91 2737.65
476956.51 4366470.36 2737.77
476953.32 4366471.67 2737.55
476952.24 4366472.12 2737.59
476951.17 4366472.57 2737.74
476949.01 4366473.47 2738.05
476945.80 4366474.81 2738.20
476942.60 4366476.13 2738.28
476958.16 4366470.50 2737.67
476957.10 4366470.93 2737.52
476954.97 4366471.82 2737.55
476953.90 4366472.25 2737.47
476952.82 4366472.71 2737.65
476951.75 4366473.14 2737.57
476950.68 4366473.59 2737.70
476949.60 4366474.05 2737.93
476948.54 4366474.49 2737.85
476946.39 4366475.39 2738.07
476945.33 4366475.82 2737.99
476944.25 4366476.29 2738.36
476942.12 4366477.16 2738.17
476962.17 4366469.89 2737.25
476955.74 4366472.55 2737.41
476950.38 4366474.79 2737.77
476949.31 4366475.23 2737.75
476941.83 4366478.34 2738.00
476964.36 4366469.88 2736.88
476963.29 4366470.32 2736.81
476962.22 4366470.76 2736.87
476957.92 4366472.56 2737.25
476956.84 4366473.01 2737.22
476950.41 4366475.69 2737.70
476949.33 4366476.15 2737.96
476948.26 4366476.60 2738.05
476946.12 4366477.48 2738.03
476967.70 4366469.53 2736.85
476963.40 4366471.31 2737.02
476958.03 4366473.54 2737.21
476952.67 4366475.78 2737.63
476951.60 4366476.22 2737.51
476950.53 4366476.67 2737.59
476949.46 4366477.11 2737.64
476948.39 4366477.56 2737.79
476947.30 4366478.02 2738.03
476943.69 4366480.31 2737.84
476969.44 4366469.58 2736.45
476968.34 4366470.05 2736.87
476967.28 4366470.48 2736.60
476966.20 4366470.93 2736.68
476965.13 4366471.38 2736.80
476964.03 4366471.85 2737.16
476962.98 4366472.28 2736.92
476961.90 4366472.72 2736.95
476960.83 4366473.17 2736.96
476957.61 4366474.51 2737.21
476956.54 4366474.96 2737.28
476953.32 4366476.30 2737.42
476952.25 4366476.74 2737.44
476946.88 4366478.99 2737.93
476944.75 4366479.87 2737.85
476949.89 4366478.85 2737.54
476948.81 4366479.32 2737.87
476943.48 4366481.52 2737.79
476941.35 4366482.40 2737.85
476971.39 4366469.89 2736.22
476970.32 4366470.33 2736.21
476967.09 4366471.68 2736.38
476965.99 4366472.14 2736.59
476961.70 4366473.93 2736.89
476960.63 4366474.38 2736.85
476959.56 4366474.82 2736.91
476958.48 4366475.27 2737.01
476957.41 4366475.71 2736.98
476952.04 4366477.96 2737.47
476950.85 4366479.40 2737.51
476949.78 4366479.85 2737.56
476947.64 4366480.74 2737.63
476944.42 4366482.10 2738.11
476943.36 4366482.52 2737.85
476973.41 4366470.00 2736.22
476972.35 4366470.43 2736.14
476971.27 4366470.88 2736.11
476966.97 4366472.67 2736.29
476960.51 4366475.37 2736.79
476959.44 4366475.81 2736.81
476958.37 4366476.26 2736.85
476957.29 4366476.71 2736.91
476951.93 4366478.95 2737.38
476954.86 4366478.81 2737.37
476943.09 4366483.71 2737.75
476942.03 4366484.15 2737.79
476973.16 4366471.17 2736.06
476972.10 4366471.61 2735.98
476971.02 4366472.05 2735.96
476967.78 4366473.40 2736.17
476961.32 4366476.10 2736.66
476960.25 4366476.55 2736.75
476959.18 4366477.00 2736.71
476958.11 4366477.44 2736.76
476957.02 4366477.90 2737.02
476952.68 4366480.45 2737.43
476947.30 4366482.72 2738.26
476946.24 4366483.15 2738.20
476943.05 4366484.46 2737.78
476978.48 4366469.70 2736.34
476973.13 4366471.90 2736.00
476972.06 4366472.34 2735.91
476962.37 4366476.38 2736.43
476960.21 4366477.29 2736.67
476959.15 4366477.73 2736.62
476958.07 4366478.18 2736.70
476955.92 4366479.09 2737.01
476947.07 4366484.02 2738.02
476946.01 4366484.46 2737.91
476943.88 4366485.34 2737.90
476942.81 4366485.78 2737.80
476941.75 4366486.21 2737.73
476981.44 4366469.70 2736.37
476980.37 4366470.14 2736.37
476979.29 4366470.59 2736.33
476978.22 4366471.03 2736.26
476973.95 4366472.79 2735.98
476972.89 4366473.22 2735.82
476971.82 4366473.66 2735.78
476963.21 4366477.25 2736.20
476962.13 4366477.70 2736.28
476961.05 4366478.15 2736.35
476959.97 4366478.60 2736.49
476958.90 4366479.05 2736.59
476952.46 4366481.75 2737.06
476948.13 4366483.59 2738.11
476943.32 4366486.43 2737.69
476942.24 4366486.89 2737.84
476983.05 4366469.90 2736.28
476981.97 4366470.34 2736.23
476980.90 4366470.79 2736.22
476979.82 4366471.23 2736.20
476978.75 4366471.67 2736.17
476973.40 4366473.88 2735.80
476972.34 4366474.31 2735.68
476965.88 4366477.00 2735.96
476963.73 4366477.90 2736.03
476962.65 4366478.35 2736.13
476961.57 4366478.80 2736.21
476960.50 4366479.25 2736.27